2024010001
2024010002
2024010003
2024010004
2024010005
2024010006
2024010007
2024010008
2024010009
2024010010
2024010011
2024010012
2024010013
2024010014
2024010015
2024010016
2024010017
2024010018
2024010019
2024010020
2024010021
2024010022
2024010023
2024010024
2024010025
2024010026
2024010027
2024010028
2024010029
2024010030
2024010031
2024010032
2024010033
2024010034
2024010035
2024010036
2024010037
2024010038
2024010039
2024010040
2024010041
2024010042
2024010043
2024010044
2024010045
2024010046
2024010047
2024010048
2024010049
2024010050
2024010051
2024010052
2024010053
2024010054
2024010055
2024010056
2024010057
2024010058
2024010059
2024010060
2024010061
2024010062
2024010063
2024010064
2024010065
2024010066
2024010067
2024010068
2024010069
2024010070
2024010071
2024010072
2024010073
2024010074
2024010075
2024010076
2024010077
2024010078
2024010079
2024010080
2024010081
2024010082
2024010083
2024010084
2024010085
2024010086
2024010087
2024010088
2024010089
2024010090
2024010091
2024010092
2024010093
2024010094
2024010095
2024010096
2024010097
2024010098
2024010099
2024010100
2024010101
2024010102
2024010103
2024010104
2024010105
2024010106
2024020001
2024020002
2024020003
2024020004
2024020005
2024020006
2024020007
2024020008
2024020009
2024020010
2024020011
2024020012
2024020013
2024020014
2024020015
2024020016
2024020017
2024020018
2024020019
2024020020
2024020021
2024020022
2024020023
2024020024
2024020025
2024020026
2024020027
2024020028
2024020029
2024020030
2024020031
2024020032
2024020033
2024020034
2024020035
2024020036
2024020037
2024020038
2024020039
2024020040
2024020041
2024020042
2024020043
2024020044
2024020045
2024020046
2024020047
2024020048
2024020049
2024020050
2024020051
2024020052
2024020053
2024020054
2024020055
2024020056
2024020057
2024020058
2024020059
2024020060
2024020061
2024020062
2024020063
2024020064
2024020065
2024020066
2024020067
2024020068
2024020069
2024020070
2024020071
2024020072
2024020073
2024020074
2024020075
2024020076
2024020077
2024020078
2024020079
2024020080
2024020081
2024020082
2024020083
2024020084
2024020085
2024020086
2024020087
2024020088
2024020089
2024020090
2024020091
2024020092
2024020093
2024020094
2024020095
2024020096
2024020097
2024020098
2024020099
2024020100
2024020101
2024020102
2024020103
2024020104
2024020105
2024020106
2024020107
2024020108
2024020109
2024020110
2024020111
2024020112
2024020113
2024020114
2024020115
2024020116
2024020117
2024020118
2024020119
2024020120
2024020121
2024020122
2024020123
2024020124
2024020125
2024020126
2024020127
2024020128
2024020129
2024020130
2024020131
2024020132
2024020133
2024020134
2024020135
2024020136
2024020137
2024020138
2024020139
2024020140
2024020141
2024020142
2024020143
2024020144
2024020145
2024020146
2024020147
2024020148
2024020149
2024020150
2024020151
2024020152
2024020153
2024020154
2024020155
2024020156
2024020157
2024020158
2024020159
2024020160
2024020161
2024020162
2024020163
2024020164
2024020165
2024020166
2024020167
2024020168
2024020169
2024020170
2024020171
2024020172
2024020173
2024020174
2024020175
2024020176
2024020177
2024020178
2024020179
2024020180
2024020181
2024020182
2024020183
2024020184
2024020185
2024020186
2024020187
2024020188
2024020189
2024020190
2024020191
2024020192
2024020193
2024020194
2024020195
2024020196
2024020197
2024020198
2024020199
2024020200
2024020201
2024020202
2024020203
2024020204
2024020205
2024020206
2024020207
2024020208
2024020209
2024020210
2024020211
2024020212
2024020213
2024020214
2024020215
2024020216
2024020217
2024020218
2024020219
2024020220
2024020221
2024020222
2024020223
2024020224
2024020225
2024020226
2024020227
2024020228
2024020229
2024020230
2024020231
2024020232
2024020233
2024020234
2024020235
2024020236
2024020237
2024020238
2024020239
2024020240
2024020241
2024020242
2024020243
2024020244
2024020245
2024020246
2024020247
2024020248
2024020249
2024020250
2024020251
2024020252
2024020253
2024020254
2024020255
2024020256
2024020257
2024020258
2024020259
2024020260
2024020261
2024020262
2024020263
2024020264
2024020265
2024020266
2024020267
2024020268
2024020269
2024020270
2024020271
2024020272
2024020273
2024020274
2024020275
2024020276
2024020277
2024020278
2024020279
2024020280
2024020281
2024020282
2024020283
2024020284
2024020285
2024020286
2024020287
2024020288
2024020289
2024020290
2024020291
2024020292
2024020293
2024020294
2024020295
2024020296
2024020297
2024020298
2024020299
2024020300
2024020301
2024020302
2024020303
2024020304
2024020305
2024020306
2024020307
2024020308
2024020309
2024020310
2024020311
2024020312
2024020313
2024020314
2024020315
2024020316
2024020317
2024020318
2024020319
2024020320
2024020321
2024020322
2024020323
2024020324
2024020325
2024020326
2024020327
2024020328
2024020329
2024020330
2024020331
2024020332
2024020333
2024020334
2024020335
2024020336
2024020337
2024020338
2024020339
2024020340
2024020341
2024020342
2024020343
2024020344
2024020345
2024020346
2024020347
2024020348
2024020349
2024020350
2024020351
2024020352
2024020353
2024020354
2024020355
2024020356
2024020357
2024020358
2024020359
2024020360
2024020361
2024020362
2024020363
2024020364
2024020365
2024020366
2024020367
2024020368
2024020369
2024020370
2024020371
2024020372
2024020373
2024020374
2024020375
2024020376
2024020377
2024020378
2024020379
2024020380
2024020381
2024020382
2024020383
2024020384
2024020385
2024020386
2024020387
2024020388
2024020389
2024020390
2024020391
2024020392
2024020393
2024020394
2024020395
2024020396
2024020397
2024020398
2024020399
2024020400
2024020401
2024020402
2024020403
2024020404
2024020405
2024020406
2024020407
2024020408
2024020409
2024020410
2024020411
2024020412
2024020413
2024020414
2024020415
2024020416
2024020417
2024020418
2024020419
2024020420
2024020421
2024020422
2024020423
2024020424
2024020425
2024020426
2024020427
2024020428
2024020429
2024020430
2024020431
2024020432
2024020433
2024020434
2024020435
2024020436
2024020437
2024020438
2024020439
2024020440
2024020441
2024020442
2024020443
2024020444
2024020445
2024020446
2024020447
2024020448
2024020449
2024020450
2024020451
2024020452
2024020453
2024020454
2024020455
2024020456
2024020457
2024020458
2024020459
2024020460
2024020461
2024020462
2024020463
2024020464
2024020465
2024020466
2024020467
2024020468
2024020469
2024020470
2024020471
2024020472
2024020473
2024020474
2024020475
2024020476
2024020477
2024020478
2024020479
2024020480
2024020481
2024020482
2024020483
2024020484
2024020485
2024020486
2024020487
2024020488
2024020489
2024020490
2024020491
2024020492
2024020493
2024020494
2024020495
2024020496
2024020497
2024020498
2024020499
2024020500
2024020501
2024020502
2024020503
2024020504
2024020505
2024020506
2024020507
2024020508
2024020509
2024020510
2024020511
2024020512
2024020513
2024020514
2024020515
2024020516
2024020517
2024020518
2024020519
2024020520
2024020521
2024020522
2024020523
2024020524
2024020525
2024020526
2024020527
2024020528
2024020529
2024020530
2024020531
2024020532
2024020533
2024020534
2024020535
2024020536
2024020537
2024020538
2024020539
2024020540
2024020541
2024020542
2024020543
2024020544
2024020545
2024020546
2024020547
2024020548
2024020549
2024020550
2024020551
2024020552
2024020553
2024020554
2024020555
2024020556
2024020557
2024020558
2024020559
2024020560
2024020561
2024020562
2024020563
2024020564
2024020565
2024020566
2024020567
2024020568
2024020569
2024020570
2024020571
2024020572
2024020573
2024020574
2024020575
2024020576
2024020577
2024020578
2024020579
2024020580
2024020581
2024020582
2024020583
2024020584
2024020585
2024020586
2024020587
2024020588
2024020589
2024020590
2024020591
2024020592
2024020593
2024020594
2024020595
2024020596
2024020597
2024020598
2024020599
2024020600
2024020601
2024020602
2024020603
2024020604
2024020605
2024020606
2024020607
2024020608
2024020609
2024020610
2024020611
2024020612
2024020613
2024020614
2024020615
2024020616
2024020617
2024020618
2024020619
2024020620
2024020621
2024020622
2024020623
2024020624
2024020625
2024020626
2024020627
2024020628
2024020629
2024020630
2024020631
2024020632
2024020633
2024020634
2024020635
2024020636
2024020637
2024020638
2024020639
2024020640
2024020641
2024020642
2024020643
2024020644
2024020645
2024020646
2024020647
2024020648
2024020649
2024020650
2024020651
2024020652
2024020653
2024020654
2024020655
2024020656
2024020657
2024020658
2024020659
2024020660
2024020661
2024020662
2024020663
2024020664
2024020665
2024020666
2024020667
2024020668
2024020669
2024020670
2024020671
2024020672
2024020673
2024020674
2024020675
2024020676
2024020677
2024020678
2024020679
2024020680
2024020681
2024020682
2024020683
2024020684
2024020685
2024020686
2024020687
2024020688
2024020689
2024020690
2024020691
2024020692
2024020693
2024020694
2024020695
2024020696
2024020697
2024020698
2024020699
2024020700
2024020701
2024020702
2024020703
2024020704
2024020705
2024020706
2024020707
2024020708
2024020709
2024020710
2024020711
2024020712
2024020713
2024020714
2024020715
2024020716
2024020717
2024020718
2024020719
2024020720
2024020721
2024020722
2024020723
2024020724
2024020725
2024020726
2024020727
2024020728
2024020729
2024020730
2024020731
2024020732
2024020733
2024020734
2024020735
2024020736
2024020737
2024020738
2024020739
2024020740
2024020741
2024020742
2024020743
2024020744
2024020745
2024020746
2024020747
2024020748
2024020749
2024020750
2024020751
2024020752
2024020753
2024020754
2024020755
2024020756
2024020757
2024020758
2024020759
2024020760
2024020761
2024020762
2024020763
2024020764
2024020765
2024020766
2024020767
2024020768
2024020769
2024020770
2024020771
2024020772
2024020773
2024020774
2024020775
2024020776
2024020777
2024020778
2024020779
2024020780
2024020781
2024020782
2024020783
2024020784
2024020785
2024020786
2024020787
2024020788
2024020789
2024020790
2024020791
2024020792
2024020793
2024020794
2024020795
2024020796
2024020797
2024020798
2024020799
2024020800
2024020801
2024020802
2024020803
2024020804
2024020805
2024020806
2024020807
2024020808
2024020809
2024020810
2024020811
2024020812
2024020813
2024020814
2024020815
2024020816
2024020817
2024020818
2024020819
2024020820
2024020821
2024020822
2024020823
2024020824
2024020825
2024020826
2024020827
2024020828
2024020829
2024020830
2024020831
2024020832
2024020833
2024020834
2024020835
2024020836
2024020837
2024020838
2024020839
2024020840
2024020841
2024020842
2024020843
2024020844
2024020845
2024020846
2024020847
2024020848
2024020849
2024020850
2024020851
2024020852
2024020853
2024020854
2024020855
2024020856
2024020857
2024020858
2024020859
2024020860
2024020861
2024020862
2024020863
2024020864
2024020865
2024020866
2024020867
2024020868
2024020869
2024020870
2024020871
2024020872
2024020873
2024020874
2024020875
2024020876
2024020877
2024020878
2024020879
2024020880
2024020881
2024020882
2024020883
2024020884
2024020885
2024020886
2024020887
2024020888
2024020889
2024020890
2024020891
2024020892
2024020893
2024020894
2024020895
2024020896
2024020897
2024020898
2024020899
2024020900
2024020901
2024020902
2024020903
2024020904
2024020905
2024020906
2024020907
2024020908
2024020909
2024020910
2024020911
2024020912
2024020913
2024020914
2024020915
2024020916
2024020917
2024020918
2024020919
2024020920
2024020921
2024020922
2024020923
2024020924
2024020925
2024020926
2024020927
2024020928
2024020929
2024020930
2024020931
2024020932
2024020933
2024020934
2024020935
2024020936
2024020937
2024020938
2024020939
2024020940
2024020941
2024020942
2024020943
2024020944
2024020945
2024020946
2024020947
2024020948
2024020949
2024020950
2024020951
2024020952
2024020953
2024020954
2024020955
2024020956
2024020957
2024020958
2024020959
2024020960
2024020961
2024020962
2024020963
2024020964
2024020965
2024020966
2024020967
2024020968
2024020969
2024020970
2024020971
2024020972
2024020973
2024020974
2024020975
2024020976
2024020977
2024020978
2024020979
2024020980
2024020981
2024020982
2024020983
2024020984
2024020985
2024020986
2024020987
2024020988
2024020989
2024020990
2024020991
2024020992
2024020993
2024020994
2024020995
2024020996
2024020997
2024020998
2024020999
2024021000
2024021001
2024021002
2024021003
2024021004
2024021005
2024021006
2024021007
2024021008
2024021009
2024021010
2024021011
2024021012
2024021013
2024021014
2024021015
2024021016
2024021017
2024021018
2024021019
2024021020
2024021021
2024021022
2024021023
2024021024
2024021025
2024021026
2024021027
2024021028
2024021029
2024021030
2024021031
2024021032
2024021033
2024021034
2024021035
2024021036
2024021037
2024021038
2024021039
2024021040
2024021041
2024021042
2024021043
2024021044
2024021045
2024021046
2024021047
2024021048
2024021049
2024021050
2024021051
2024021052
2024021053
2024021054
2024021055
2024021056
2024021057
2024021058
2024021059
2024021060
2024021061
2024021062
2024021063
2024021064
2024021065
2024021066
2024021067
2024021068
2024021069
2024021070
2024021071
2024021072
2024021073
2024021074
2024021075
2024021076
2024021077
2024021078
2024021079
2024021080
2024021081
2024021082
2024021083
2024021084
2024021085
2024021086
2024021087
2024021088
2024021089
2024021090
2024021091
2024021092
2024021093
2024021094
2024021095
2024021096
2024021097
2024021098
2024021099
2024021100
2024021101
2024021102
2024021103
2024021104
2024021105
2024021106
2024021107
2024021108
2024021109
2024021110
2024021111
2024021112
2024021113
2024021114
2024021115
2024021116
2024021117
2024021118
2024021119
2024021120
2024021121
2024021122
2024021123
2024021124
2024021125
2024021126
2024021127
2024021128
2024021129
2024021130
2024021131
2024021132
2024021133
2024021134
2024021135
2024021136
2024021137
2024021138
2024021139
2024021140
2024021141
2024021142
2024021143
2024021144
2024021145
2024021146
2024021147
2024021148
2024021149
2024021150
2024021151
2024021152
2024021153
2024021154
2024021155
2024021156
2024021157
2024021158
2024021159
2024021160
2024021161
2024021162
2024021163
2024021164
2024021165
2024021166
2024021167
2024021168
2024021169
2024021170
2024021171
2024021172
2024021173
2024021174
2024021175
2024021176
2024021177
2024021178
2024021179
2024021180
2024021181
2024021182
2024021183
2024021184
2024021185
2024021186
2024021187
2024021188
2024021189
2024021190
2024021191
2024021192
2024021193
2024021194
2024021195
2024021196
2024021197
2024021198
2024021199
2024021200
2024021201
2024021202
2024021203
2024021204
2024021205
2024021206
2024021207
2024021208
2024021209
2024021210
2024021211
2024021212
2024021213
2024021214
2024021215
2024021216
2024021217
2024021218
2024021219
2024021220
2024021221
2024021222
2024021223
2024021224
2024021225
2024021226
2024021227
2024021228
2024021229
2024021230
2024021231
2024021232
2024021233
2024021234
2024021235
2024021236
2024021237
2024021238
2024021239
2024021240
2024021241
2024021242
2024021243
2024021244
2024021245
2024021246
2024021247
2024021248
2024021249
2024021250
2024021251
2024021252
2024021253
2024021254
2024021255
2024021256
2024021257
2024021258
2024021259
2024021260
2024021261
2024021262
2024021263
2024021264
2024021265
2024021266
2024021267
2024021268
2024021269
2024021270
2024021271
2024021272
2024021273
2024021274
2024021275
2024021276
2024021277
2024021278
2024021279
2024021280
2024021281
2024021282
2024021283
2024021284
2024021285
2024021286
2024021287
2024021288
2024021289
2024021290
2024021291
2024021292
2024021293
2024021294
2024021295
2024021296
2024021297
2024021298
2024021299
2024021300
2024021301
2024021302
2024021303
2024021304
2024021305
2024021306
2024021307
2024021308
2024021309
2024021310
2024021311
2024021312
2024030111
2024030112
2024030113
2024030114
2024030115
2024030116
2024030117
2024030121
2024030122
2024030123
2024030124
2024030125
2024030126
2024030127
2024030131
2024030132
2024030133
2024030134
2024030135
2024030136
2024030137
2024030141
2024030142
2024030143
2024030144
2024030145
2024030146
2024030147
2024030151
2024030152
2024030153
2024030154
2024030155
2024030156
2024030157
2024030161
2024030162
2024030163
2024030164
2024030165
2024030166
2024030167
2024030171
2024030172
2024030173
2024030174
2024030175
2024030176
2024030177
2024030181
2024030182
2024030183
2024030184
2024030185
2024030186
2024030187
2024030211
2024030212
2024030213
2024030214
2024030215
2024030216
2024030217
2024030221
2024030222
2024030223
2024030224
2024030225
2024030226
2024030227
2024030231
2024030232
2024030233
2024030234
2024030235
2024030236
2024030237
2024030241
2024030242
2024030243
2024030244
2024030245
2024030246
2024030247
2024030311
2024030312
2024030313
2024030314
2024030315
2024030316
2024030317
2024030321
2024030322
2024030323
2024030324
2024030325
2024030326
2024030327
2024030411
2024030412
2024030413
2024030414
2024030415
2024030416
2024030417
2024190001
2024190002
2024190003
2024190004
2024190005
2024190006
2024200007
2025010001
2025010002
2025010003
2025010004
2025010005
2025010006
2025010007
2025010008
2025010009
2025010010
2025010011
2025010012
2025010013
2025010014
2025010015
2025010016
2025010017
2025010018
2025010019
2025010020
2025010021
2025010022
2025010023
2025010024
2025010025
2025010026
2025010027
2025010028
2025010029
2025010030
2025010031
2025010032
2025010033
2025010034
2025010035
2025010036
2025010037
2025010038
2025010039
2025010040
2025010041
2025010042
2025010043
2025010044
2025010045
2025010046
2025010047
2025010048
2025010049
2025010050
2025010051
2025010052
2025010053
2025010054
2025010055
2025010056
2025010057
2025010058
2025010059
2025010060
2025010061
2025010062
2025010063
2025010064
2025010065
2025010066
2025010067
2025010068
2025010069
2025010070
2025010071
2025010072
2025010073
2025010074
2025010075
2025010076
2025010077
2025010078
2025010079
2025010080
2025010081
2025010082
2025010083
2025010084
2025010085
2025010086
2025010087
2025010088
2025010089
2025010090
2025010091
2025010092
2025010093
2025010094
2025010095
2025010096
2025010097
2025010098
2025010099
2025010100
2025010101
2025010102
2025010103
2025010104
2025020001
2025020002
2025020003
2025020004
2025020005
2025020006
2025020007
2025020008
2025020009
2025020010
2025020011
2025020012
2025020013
2025020014
2025020015
2025020016
2025020017
2025020018
2025020019
2025020020
2025020021
2025020022
2025020023
2025020024
2025020025
2025020026
2025020027
2025020028
2025020029
2025020030
2025020031
2025020032
2025020033
2025020034
2025020035
2025020036
2025020037
2025020038
2025020039
2025020040
2025020041
2025020042
2025020043
2025020044
2025020045
2025020046
2025020047
2025020048
2025020049
2025020050
2025020051
2025020052
2025020053
2025020054
2025020055
2025020056
2025020057
2025020058
2025020059
2025020060
2025020061
2025020062
2025020063
2025020064
2025020065
2025020066
2025020067
2025020068
2025020069
2025020070
2025020071
2025020072
2025020073
2025020074
2025020075
2025020076
2025020077
2025020078
2025020079
2025020080
2025020081
2025020082
2025020083
2025020084
2025020085
2025020086
2025020087
2025020088
2025020089
2025020090
2025020091
2025020092
2025020093
2025020094
2025020095
2025020096
2025020097
2025020098
2025020099
2025020100
2025020101
2025020102
2025020103
2025020104
2025020105
2025020106
2025020107
2025020108
2025020109
2025020110
2025020111
2025020112
2025020113
2025020114
2025020115
2025020116
2025020117
2025020118
2025020119
2025020120
2025020121
2025020122
2025020123
2025020124
2025020125
2025020126
2025020127
2025020128
2025020129
2025020130
2025020131
2025020132
2025020133
2025020134
2025020135
2025020136
2025020137
2025020138
2025020139
2025020140
2025020141
2025020142
2025020143
2025020144
2025020145
2025020146
2025020147
2025020148
2025020149
2025020150
2025020151
2025020152
2025020153
2025020154
2025020155
2025020156
2025020157
2025020158
2025020159
2025020160
2025020161
2025020162
2025020163
2025020164
2025020165
2025020166
2025020167
2025020168
2025020169
2025020170
2025020171
2025020172
2025020173
2025020174
2025020175
2025020176
2025020177
2025020178
2025020179
2025020180
2025020181
2025020182
2025020183
2025020184
2025020185
2025020186
2025020187
2025020188
2025020189
2025020190
2025020191
2025020192
2025020193
2025020194
2025020195
2025020196
2025020197
2025020198
2025020199
2025020200
2025020201
2025020202
2025020203
2025020204
2025020205
2025020206
2025020207
2025020208
2025020209
2025020210
2025020211
2025020212
2025020213
2025020214
2025020215
2025020216
2025020217
2025020218
2025020219
2025020220
2025020221
2025020222
2025020223
2025020224
2025020225
2025020226
2025020227
2025020228
2025020229
2025020230
2025020231
2025020232
2025020233
2025020234
2025020235
2025020236
2025020237
2025020238
2025020239
2025020240
2025020241
2025020242
2025020243
2025020244
2025020245
2025020246
2025020247
2025020248
2025020249
2025020250
2025020251
2025020252
2025020253
2025020254
2025020255
2025020256
2025020257
2025020258
2025020259
2025020260
2025020261
2025020262
2025020263
2025020264
2025020265
2025020266
2025020267
2025020268
2025020269
2025020270
2025020271
2025020272
2025020273
2025020274
2025020275
2025020276
2025020277
2025020278
2025020279
2025020280
2025020281
2025020282
2025020283
2025020284
2025020285
2025020286
2025020287
2025020288
2025020289
2025020290
2025020291
2025020292
2025020293
2025020294
2025020295
2025020296
2025020297
2025020298
2025020299
2025020300
2025020301
2025020302
2025020303
2025020304
2025020305
2025020306
2025020307
2025020308
2025020309
2025020310
2025020311
2025020312
2025020313
2025020314
2025020315
2025020316
2025020317
2025020318
2025020319
2025020320
2025020321
2025020322
2025020323
2025020324
2025020325
2025020326
2025020327
2025020328
2025020329
2025020330
2025020331
2025020332
2025020333
2025020334
2025020335
2025020336
2025020337
2025020338
2025020339
2025020340
2025020341
2025020342
2025020343
2025020344
2025020345
2025020346
2025020347
2025020348
2025020349
2025020350
2025020351
2025020352
2025020353
2025020354
2025020355
2025020356
2025020357
2025020358
2025020359
2025020360
2025020361
2025020362
2025020363
2025020364
2025020365
2025020366
2025020367
2025020368
2025020369
2025020370
2025020371
2025020372
2025020373
2025020374
2025020375
2025020376
2025020377
2025020378
2025020379
2025020380
2025020381
2025020382
2025020383
2025020384
2025020385
2025020386
2025020387
2025020388
2025020389
2025020390
2025020391
2025020392
2025020393
2025020394
2025020395
2025020396
2025020397
2025020398
2025020399
2025020400
2025020401
2025020402
2025020403
2025020404
2025020405
2025020406
2025020407
2025020408
2025020409
2025020410
2025020411
2025020412
2025020413
2025020414
2025020415
2025020416
2025020417
2025020418
2025020419
2025020420
2025020421
2025020422
2025020423
2025020424
2025020425
2025020426
2025020427
2025020428
2025020429
2025020430
2025020431
2025020432
2025020433
2025020434
2025020435
2025020436
2025020437
2025020438
2025020439
2025020440
2025020441
2025020442
2025020443
2025020444
2025020445
2025020446
2025020447
2025020448
2025020449
2025020450
2025020451
2025020452
2025020453
2025020454
2025020455
2025020456
2025020457
2025020458
2025020459
2025020460
2025020461
2025020462
2025020463
2025020464
2025020465
2025020466
2025020467
2025020468
2025020469
2025020470
2025020471
2025020472
2025020473
2025020474
2025020475
2025020476
2025020477
2025020478
2025020479
2025020480
2025020481
2025020482
2025020483
2025020484
2025020485
2025020486
2025020487
2025020488
2025020489
2025020490
2025020491
2025020492
2025020493
2025020494
2025020495
2025020496
2025020497
2025020498
2025020499
2025020500
2025020501
2025020502
2025020503
2025020504
2025020505
2025020506
2025020507
2025020508
2025020509
2025020510
2025020511
2025020512
2025020513
2025020514
2025020515
2025020516
2025020517
2025020518
2025020519
2025020520
2025020521
2025020522
2025020523
2025020524
2025020525
2025020526
2025020527
2025020528
2025020529
2025020530
2025020531
2025020532
2025020533
2025020534
2025020535
2025020536
2025020537
2025020538
2025020539
2025020540
2025020541
2025020542
2025020543
2025020544
2025020545
2025020546
2025020547
2025020548
2025020549
2025020550
2025020551
2025020552
2025020553
2025020554
2025020555
2025020556
2025020557
2025020558
2025020559
2025020560
2025020561
2025020562
2025020563
2025020564
2025020565
2025020566
2025020567
2025020568
2025020569
2025020570
2025020571
2025020572
2025020573
2025020574
2025020575
2025020576
2025020577
2025020578
2025020579
2025020580
2025020581
2025020582
2025020583
2025020584
2025020585
2025020586
2025020587
2025020588
2025020589
2025020590
2025020591
2025020592
2025020593
2025020594
2025020595
2025020596
2025020597
2025020598
2025020599
2025020600
2025020601
2025020602
2025020603
2025020604
2025020605
2025020606
2025020607
2025020608
2025020609
2025020610
2025020611
2025020612
2025020613
2025020614
2025020615
2025020616
2025020617
2025020618
2025020619
2025020620
2025020621
2025020622
2025020623
2025020624
2025020625
2025020626
2025020627
2025020628
2025020629
2025020630
2025020631
2025020632
2025020633
2025020634
2025020635
2025020636
2025020637
2025020638
2025020639
2025020640
2025020641
2025020642
2025020643
2025020644
2025020645
2025020646
2025020647
2025020648
2025020649
2025020650
2025020651
2025020652
2025020653
2025020654
2025020655
2025020656
2025020657
2025020658
2025020659
2025020660
2025020661
2025020662
2025020663
2025020664
2025020665
2025020666
2025020667
2025020668
2025020669
2025020670
2025020671
2025020672
2025020673
2025020674
2025020675
2025020676
2025020677
2025020678
2025020679
2025020680
2025020681
2025020682
2025020683
2025020684
2025020685
2025020686
2025020687
2025020688
2025020689
2025020690
2025020691
2025020692
2025020693
2025020694
2025020695
2025020696
2025020697
2025020698
2025020699
2025020700
2025020701
2025020702
2025020703
2025020704
2025020705
2025020706
2025020707
2025020708
2025020709
2025020710
2025020711
2025020712
2025020713
2025020714
2025020715
2025020716
2025020717
2025020718
2025020719
2025020720
2025020721
2025020722
2025020723
2025020724
2025020725
2025020726
2025020727
2025020728
2025020729
2025020730
2025020731
2025020732
2025020733
2025020734
2025020735
2025020736
2025020737
2025020738
2025020739
2025020740
2025020741
2025020742
2025020743
2025020744
2025020745
2025020746
2025020747
2025020748
2025020749
2025020750
2025020751
2025020752
2025020753
2025020754
2025020755
2025020756
2025020757
2025020758
2025020759
2025020760
2025020761
2025020762
2025020763
2025020764
2025020765
2025020766
2025020767
2025020768
2025020769
2025020770
2025020771
2025020772
2025020773
2025020774
2025020775
2025020776
2025020777
2025020778
2025020779
2025020780
2025020781
2025020782
2025020783
2025020784
2025020785
2025020786
2025020787
2025020788
2025020789
2025020790
2025020791
2025020792
2025020793
2025020794
2025020795
2025020796
2025020797
2025020798
2025020799
2025020800
2025020801
2025020802
2025020803
2025020804
2025020805
2025020806
2025020807
2025020808
2025020809
2025020810
2025020811
2025020812
2025020813
2025020814
2025020815
2025020816
2025020817
2025020818
2025020819
2025020820
2025020821
2025020822
2025020823
2025020824
2025020825
2025020826
2025020827
2025020828
2025020829
2025020830
2025020831
2025020832
2025020833
2025020834
2025020835
2025020836
2025020837
2025020838
2025020839
2025020840
2025020841
2025020842
2025020843
2025020844
2025020845
2025020846
2025020847
2025020848
2025020849
2025020850
2025020851
2025020852
2025020853
2025020854
2025020855
2025020856
2025020857
2025020858
2025020859
2025020860
2025020861
2025020862
2025020863
2025020864
2025020865
2025020866
2025020867
2025020868
2025020869
2025020870
2025020871
2025020872
2025020873
2025020874
2025020875
2025020876
2025020877
2025020878
2025020879
2025020880
2025020881
2025020882
2025020883
2025020884
2025020885
2025020886
2025020887
2025020888
2025020889
2025020890
2025020891
2025020892
2025020893
2025020894
2025020895
2025020896
2025020897
2025020898
2025020899
2025020900
2025020901
2025020902
2025020903
2025020904
2025020905
2025020906
2025020907
2025020908
2025020909
2025020910
2025020911
2025020912
2025020913
2025020914
2025020915
2025020916
2025020917
2025020918
2025020919
2025020920
2025020921
2025020922
2025020923
2025020924
2025020925
2025020926
2025020927
2025020928
2025020929
2025020930
2025020931
2025020932
2025020933
2025020934
2025020935
2025020936
2025020937
2025020938
2025020939
2025020940
2025020941
2025020942
2025020943
2025020944
2025020945
2025020946
2025020947
2025020948
2025020949
2025020950
2025020951
2025020952
2025020953
2025020954
2025020955
2025020956
2025020957
2025020958
2025020959
2025020960
2025020961
2025020962
2025020963
2025020964
2025020965
2025020966
2025020967
2025020968
2025020969
2025020970
2025020971
2025020972
2025020973
2025020974
2025020975
2025020976
2025020977
2025020978
2025020979
2025020980
2025020981
2025020982
2025020983
2025020984
2025020985
2025020986
2025020987
2025020988
2025020989
2025020990
2025020991
2025020992
2025020993
2025020994
2025020995
2025020996
2025020997
2025020998
2025020999
2025021000
2025021001
2025021002
2025021003
2025021004
2025021005
2025021006
2025021007
2025021008
2025021009
2025021010
2025021011
2025021012
2025021013
2025021014
2025021015
2025021016
2025021017
2025021018
2025021019
2025021020
2025021021
2025021022
2025021023
2025021024
2025021025
2025021026
2025021027
2025021028
2025021029
2025021030
2025021031
2025021032
2025021033
2025021034
2025021035
2025021036
2025021037
2025021038
2025021039
2025021040
2025021041
2025021042
2025021043
2025021044
2025021045
2025021046
2025021047
2025021048
2025021049
2025021050
2025021051
2025021052
2025021053
2025021054
2025021055
2025021056
2025021057
2025021058
2025021059
2025021060
2025021061
2025021062
2025021063
2025021064
2025021065
2025021066
2025021067
2025021068
2025021069
2025021070
2025021071
2025021072
2025021073
2025021074
2025021075
2025021076
2025021077
2025021078
2025021079
2025021080
2025021081
2025021082
2025021083
2025021084
2025021085
2025021086
2025021087
2025021088
2025021089
2025021090
2025021091
2025021092
2025021093
2025021094
2025021095
2025021096
2025021097
2025021098
2025021099
2025021100
2025021101
2025021102
2025021103
2025021104
2025021105
2025021106
2025021107
2025021108
2025021109
2025021110
2025021111
2025021112
2025021113
2025021114
2025021115
2025021116
2025021117
2025021118
2025021119
2025021120
2025021121
2025021122
2025021123
2025021124
2025021125
2025021126
2025021127
2025021128
2025021129
2025021130
2025021131
2025021132
2025021133
2025021134
2025021135
2025021136
2025021137
2025021138
2025021139
2025021140
2025021141
2025021142
2025021143
2025021144
2025021145
2025021146
2025021147
2025021148
2025021149
2025021150
2025021151
2025021152
2025021153
2025021154
2025021155
2025021156
2025021157
2025021158
2025021159
2025021160
2025021161
2025021162
2025021163
2025021164
2025021165
2025021166
2025021167
2025021168
2025021169
2025021170
2025021171
2025021172
2025021173
2025021174
2025021175
2025021176
2025021177
2025021178
2025021179
2025021180
2025021181
2025021182
2025021183
2025021184
2025021185
2025021186
2025021187
2025021188
2025021189
2025021190
2025021191
2025021192
2025021193
2025021194
2025021195
2025021196
2025021197
2025021198
2025021199
2025021200
2025021201
2025021202
2025021203
2025021204
2025021205
2025021206
2025021207
2025021208
2025021209
2025021210
2025021211
2025021212
2025021213
2025021214
2025021215
2025021216
2025021217
2025021218
2025021219
2025021220
2025021221
2025021222
2025021223
2025021224
2025021225
2025021226
2025021227
2025021228
2025021229
2025021230
2025021231
2025021232
2025021233
2025021234
2025021235
2025021236
2025021237
2025021238
2025021239
2025021240
2025021241
2025021242
2025021243
2025021244
2025021245
2025021246
2025021247
2025021248
2025021249
2025021250
2025021251
2025021252
2025021253
2025021254
2025021255
2025021256
2025021257
2025021258
2025021259
2025021260
2025021261
2025021262
2025021263
2025021264
2025021265
2025021266
2025021267
2025021268
2025021269
2025021270
2025021271
2025021272
2025021273
2025021274
2025021275
2025021276
2025021277
2025021278
2025021279
2025021280
2025021281
2025021282
2025021283
2025021284
2025021285
2025021286
2025021287
2025021288
2025021289
2025021290
2025021291
2025021292
2025021293
2025021294
2025021295
2025021296
2025021297
2025021298
2025021299
2025021300
2025021301
2025021302
2025021303
2025021304
2025021305
2025021306
2025021307
2025021308
2025021309
2025021310
2025021311
2025021312
2025090001
2025090002
2025090003
2025090004
2025090005
2025090006
2025090007
2025090008
2025090009
2025090010
2025090011
2025090012
2025090013
2025090014
2025090015
2025090016
2025090017
2025090018
2025090019
2025090020
2025090021
2025090022